%YAML:1.0
---
K: !!opencv-matrix
   rows: 3
   cols: 3
   dt: d
   data: [ 9.6941962896721077e+02, 0., 3.3785352936267373e+02, 0.,
       9.7176038749228655e+02, 2.2909802842837544e+02, 0., 0., 1. ]
D: !!opencv-matrix
   rows: 1
   cols: 5
   dt: d
   data: [ -3.8232175765709053e-01, -8.4917412504745515e-01,
       2.4170974061555107e-03, 2.9774265103561692e-03,
       6.2413564184023276e+00 ]
