%YAML:1.0
---
K: !!opencv-matrix
   rows: 3
   cols: 3
   dt: d
   data: [ 9.6941962896721077e+02, 0., 3.3785352936267373e+02, 0.,
       9.7176038749228655e+02, 2.2909802842837544e+02, 0., 0., 1. ]
D: !!opencv-matrix
   rows: 5
   cols: 1
   dt: d
   data: [ -3.8232175765709053e-01, -8.4917412504745515e-01,
       2.4170974061555107e-03, 2.9774265103561692e-03,
       6.2413564184023276e+00 ]
T_hand_eye: !!opencv-matrix
   rows: 4
   cols: 4
   dt: d
   data: [ 1., -1.0521900266814850e-17, 6.7455946575433753e-18, 0.,
       1.0521900266814850e-17, 1., -7.5374987670551839e-18, 0.,
       -6.7455946575433753e-18, 7.5374987670551839e-18, 1., 0., 0., 0.,
       0., 1. ]
R_hand_eye: !!opencv-matrix
   rows: 3
   cols: 3
   dt: d
   data: [ 1., -1.0521900266814850e-17, 6.7455946575433753e-18,
       1.0521900266814850e-17, 1., -7.5374987670551839e-18,
       -6.7455946575433753e-18, 7.5374987670551839e-18, 1. ]
t_hand_eye: !!opencv-matrix
   rows: 3
   cols: 1
   dt: d
   data: [ 0., 0., 0. ]
